0.000000 1500
0.000120 1500
0.000240 1500
0.000360 1500
0.000480 1500
0.000600 1500
0.000720 1500
0.000840 1500
0.000960 1500
0.001080 1500
0.001200 1500
0.001320 1500
0.001440 1500
0.001560 1500
0.001680 1500
0.001800 1500
0.001920 1500
0.002040 1500
0.002160 1500
0.002280 1500
0.002400 1500
0.002520 1500
0.002640 1500
0.002760 1500
0.002880 1500
0.003000 1500
0.003120 1500
0.003240 1500
0.003360 1500
0.003480 1500
0.003600 1500
0.003720 1500
0.003840 1500
0.003960 1500
0.004080 1500
0.004200 1500
0.004320 1500
0.004440 1500
0.004560 1500
0.004680 1500
0.004800 1500
0.004920 1500
0.005040 1500
0.005160 1500
0.005280 1500
0.005400 1500
0.005520 1500
0.005640 1500
0.005760 1500
0.005880 1500
0.006000 1500
0.006120 1500
0.006240 1500
0.006360 1500
0.006480 1500
0.006600 1500
0.006720 1500
0.006840 1500
0.006960 1500
0.007080 1500
0.007200 1500
0.007320 1500
0.007440 1500
0.007560 1500
0.007680 1500
0.007800 1500
0.007920 1500
0.008040 1500
0.008160 1500
0.008280 1500
0.008400 1500
0.008520 1500
0.008640 1500
0.008760 1500
0.008880 1500
0.009000 1500
0.009120 1500
0.009240 1500
0.009360 1500
0.009480 1500
0.009600 1500
0.009720 1500
0.009840 1500
0.009960 1500
0.010080 1500
0.010200 1500
0.010320 1500
0.010440 1500
0.010560 1500
0.010680 1500
0.010800 1500
0.010920 1500
0.011040 1500
0.011160 1500
0.011280 1500
0.011400 1500
0.011520 1152
0.040000 1500
0.040120 1500
0.040240 1500
