0.000000 1500
0.000120 1500
0.000240 1500
0.000360 1500
0.000480 1500
0.000600 1500
0.000720 1500
0.000840 1500
0.000960 1500
0.001080 1500
0.001200 1500
0.001320 1500
0.001440 1500
0.001560 1500
0.001680 1500
0.001800 1500
0.001920 1500
0.002040 1500
0.002160 1500
0.002280 1500
0.002400 1500
0.002520 1500
0.002640 1500
0.002760 1500
0.002880 1500
0.003000 1500
0.003120 1500
0.003240 1500
0.003360 1500
0.003480 1500
0.003600 1500
0.003720 1500
0.003840 1500
0.003960 1500
0.004080 1500
0.004200 1500
0.004320 1500
0.004440 1500
0.004560 1500
0.004680 1500
0.004800 1500
0.004920 1500
0.005040 1500
0.005160 1500
0.005280 1500
0.005400 1500
0.005520 1500
0.005640 1500
0.005760 1500
0.005880 1500
0.006000 1500
0.006120 1500
0.006240 1500
0.006360 1500
0.006480 1500
0.006600 1500
0.006720 1500
0.006840 1500
0.006960 1500
0.007080 1500
0.007200 1500
0.007320 1500
0.007440 1500
0.007560 1500
0.007680 1500
0.007800 1500
0.007920 1500
0.008040 1500
0.008160 1500
0.008280 1500
0.008400 1500
0.008520 1500
0.008640 1500
0.008760 1500
0.008880 1500
0.009000 1500
0.009120 1500
0.009240 1500
0.009360 1500
0.009480 1500
0.009600 1500
0.009720 1500
0.009840 1500
0.009960 1500
0.010080 1500
0.010200 1500
0.010320 1500
0.010440 1500
0.010560 1500
0.010680 1500
0.010800 1500
0.010920 1500
0.011040 1500
0.011160 1500
0.011280 1500
0.011400 1500
0.011520 1152
0.040000 1500
0.040120 1500
0.040240 1500
0.040360 1500
0.040480 1500
0.040600 1500
0.040720 1500
0.040840 1500
0.040960 1500
0.041080 1500
0.041200 1500
0.041320 1500
0.041440 736
0.080000 1500
0.080120 1500
0.080240 1500
0.080360 1500
0.080480 1500
0.080600 1500
0.080720 1500
0.080840 1500
0.080960 1500
0.081080 1500
0.081200 1500
0.081320 1500
0.081440 1072
0.120000 1500
0.120120 1500
0.120240 1500
0.120360 1500
0.120480 1500
0.120600 1500
0.120720 1500
0.120840 1500
0.120960 1500
0.121080 1500
0.121200 1500
0.121320 1500
0.121440 1500
0.121560 1500
0.121680 1500
0.121800 1500
0.121920 1500
0.122040 1500
0.122160 1500
0.122280 1500
0.122400 1500
0.122520 1500
0.122640 1500
0.122760 1500
0.122880 1500
0.123000 1500
0.123120 1500
0.123240 1500
0.123360 1500
0.123480 1068
0.160000 1500
0.160120 1500
0.160240 1500
0.160360 1500
0.160480 1500
0.160600 1500
0.160720 1500
0.160840 1500
0.160960 1500
0.161080 1500
0.161200 1500
0.161320 1500
0.161440 1500
0.161560 1500
0.161680 496
0.200000 1500
0.200120 1500
0.200240 1500
0.200360 1500
0.200480 1500
0.200600 1500
0.200720 1500
0.200840 1500
0.200960 1500
0.201080 1500
0.201200 1500
0.201320 1500
0.201440 1500
0.201560 1500
0.201680 936
0.240000 1500
0.240120 1500
0.240240 1500
0.240360 1500
0.240480 1500
0.240600 1500
0.240720 1500
0.240840 1500
0.240960 1500
0.241080 1500
0.241200 1500
0.241320 1500
0.241440 1500
0.241560 1500
0.241680 1500
0.241800 1500
0.241920 1500
0.242040 1500
0.242160 1500
0.242280 1500
0.242400 1500
0.242520 1500
0.242640 1500
0.242760 1500
0.242880 1500
0.243000 1500
0.243120 1500
0.243240 1500
0.243360 1500
0.243480 1500
0.243600 1500
0.243720 1500
0.243840 552
0.280000 1500
0.280120 1500
0.280240 1500
0.280360 1500
0.280480 1500
0.280600 1500
0.280720 1500
0.280840 1500
0.280960 1500
0.281080 1500
0.281200 1500
0.281320 1500
0.281440 1224
0.320000 1500
0.320120 1500
0.320240 1500
0.320360 1500
0.320480 1500
0.320600 1500
0.320720 1500
0.320840 1500
0.320960 1500
0.321080 1500
0.321200 1500
0.321320 1500
0.321440 1500
0.321560 996
0.360000 1500
0.360120 1500
0.360240 1500
0.360360 1500
0.360480 1500
0.360600 1500
0.360720 1500
0.360840 1500
0.360960 1500
0.361080 1500
0.361200 1500
0.361320 1500
0.361440 1500
0.361560 1500
0.361680 1500
0.361800 1500
0.361920 1500
0.362040 1500
0.362160 1500
0.362280 1500
0.362400 1500
0.362520 1500
0.362640 1500
0.362760 1500
0.362880 1500
0.363000 1500
0.363120 1500
0.363240 1500
0.363360 1500
0.363480 1500
0.363600 1500
0.363720 284
0.400000 1500
0.400120 1500
0.400240 1500
0.400360 1500
0.400480 1500
0.400600 1500
0.400720 1500
0.400840 1500
0.400960 1500
0.401080 1500
0.401200 1500
0.401320 1500
0.401440 1500
0.401560 1500
0.401680 976
0.440000 1500
0.440120 1500
0.440240 1500
0.440360 1500
0.440480 1500
0.440600 1500
0.440720 1500
0.440840 1500
0.440960 1500
0.441080 1500
0.441200 1500
0.441320 1500
0.441440 1500
0.441560 1500
0.441680 864
0.480000 1500
0.480120 1500
0.480240 1500
0.480360 1500
0.480480 1500
0.480600 1500
0.480720 1500
0.480840 1500
0.480960 1500
0.481080 1500
0.481200 1500
0.481320 1500
0.481440 1500
0.481560 1500
0.481680 1500
0.481800 1500
0.481920 1500
0.482040 1500
0.482160 1500
0.482280 1500
0.482400 1500
0.482520 1500
0.482640 1500
0.482760 1500
0.482880 1500
0.483000 1500
0.483120 1500
0.483240 1500
0.483360 1500
0.483480 1500
0.483600 1500
0.483720 1500
0.483840 1500
0.483960 1500
0.484080 1500
0.484200 1500
0.484320 1500
0.484440 1500
0.484560 1500
0.484681 1500
0.484801 1500
0.484921 1500
0.485041 1500
0.485161 1500
0.485281 1500
0.485401 1500
0.485521 1500
0.485641 1500
0.485761 1500
0.485881 1500
0.486001 1500
0.486121 1500
0.486241 1500
0.486361 1500
0.486481 1500
0.486601 1500
0.486721 1500
0.486841 1500
0.486961 1500
0.487081 1500
0.487201 1500
0.487321 1500
0.487441 1500
0.487561 1500
0.487681 1500
0.487801 1500
0.487921 1500
0.488041 1500
0.488161 1500
0.488281 1500
0.488401 1500
0.488521 1500
0.488641 1500
0.488761 1500
0.488881 1500
0.489001 1500
0.489121 1500
0.489241 1500
0.489361 1500
0.489481 1500
0.489601 1500
0.489721 1500
0.489841 1500
0.489961 1500
0.490081 1500
0.490201 1500
0.490321 1500
0.490441 1500
0.490561 1500
0.490681 1500
0.490801 1500
0.490921 1500
0.491041 1500
0.491161 1500
0.491281 1500
0.491401 1500
0.491521 1500
0.491641 1500
0.491761 1500
0.491881 1500
0.492001 1500
0.492121 1500
0.492241 1500
0.492361 60
0.520000 1500
0.520120 1500
0.520240 1500
0.520360 1500
0.520480 1500
0.520600 1500
0.520720 1500
0.520840 1500
0.520960 1500
0.521080 1500
0.521200 1500
0.521320 1500
0.521440 1500
0.521560 764
0.560000 1500
0.560120 1500
0.560240 1500
0.560360 1500
0.560480 1500
0.560600 1500
0.560720 1500
0.560840 1500
0.560960 1500
0.561080 1500
0.561200 1500
0.561320 1500
0.561440 1500
0.561560 596
0.600000 1500
0.600120 1500
0.600240 1500
0.600360 1500
0.600480 1500
0.600600 1500
0.600720 1500
0.600840 1500
0.600960 1500
0.601080 1500
0.601200 1500
0.601320 1500
0.601440 1500
0.601560 1500
0.601680 1500
0.601800 1500
0.601920 1500
0.602040 1500
0.602160 1500
0.602280 1500
0.602400 1500
0.602520 1500
0.602640 1500
0.602760 1500
0.602880 1500
0.603000 1500
0.603120 1500
0.603240 1500
0.603360 1500
0.603480 1500
0.603600 1500
0.603720 612
0.640000 1500
0.640120 1500
0.640240 1500
0.640360 1500
0.640480 1500
0.640600 1500
0.640720 1500
0.640840 1500
0.640960 1500
0.641080 1500
0.641200 1500
0.641320 1500
0.641440 1500
0.641560 1500
0.641680 1500
0.641800 780
0.680000 1500
0.680120 1500
0.680240 1500
0.680360 1500
0.680480 1500
0.680600 1500
0.680720 1500
0.680840 1500
0.680960 1500
0.681080 1500
0.681200 1500
0.681320 1500
0.681440 1500
0.681560 1500
0.681680 1500
